$ 1 0.000049999999999999996 382.76258214399064 64 5 50 5e-11
v 320 224 320 160 0 0 40 5 0 0 0.5
w 896 160 1008 160 0
f 624 176 672 176 33 1.5 0.02
w 320 160 320 128 0
w 672 128 672 160 0
S 544 176 480 176 0 1 false 0 2
w 672 192 704 192 0
w 704 192 704 160 0
c 560 176 608 176 0 1e-7 0.02212140678579555 0.001
w 608 176 624 176 0
w 544 176 560 176 0
g 480 192 480 224 0 0
w 480 128 672 128 0
r 432 128 432 256 0 100000
r 384 128 384 256 0 10000
c 384 256 432 256 0 0.000001 0.02040705396574971 0.001
w 624 176 624 256 0
w 432 256 624 256 0
S 384 256 320 256 0 0 false 0 2
w 320 128 384 128 0
w 384 128 432 128 0
w 432 128 480 128 0
w 480 128 480 160 0
f 736 288 688 288 32 1.5 0.02
g 656 304 656 320 0 0
w 624 256 624 272 0
w 688 304 656 304 0
r 784 288 832 288 0 300000
c 752 160 752 288 0 0.00001 0.022118567786474523 0.001
w 704 160 752 160 0
w 736 288 752 288 0
r 832 288 832 160 0 100000
w 752 288 784 288 0
w 752 160 832 160 0
w 832 160 896 160 0
r 832 336 832 416 0 1000
w 832 336 832 288 0
w 832 416 992 416 0
w 992 416 992 368 0
d 384 336 384 256 2 default
w 384 336 832 336 0
g 256 224 256 272 0 0
g 928 272 928 304 0 0
w 320 224 256 224 0
w 320 240 288 240 0
g 288 240 288 272 0 0
162 896 160 896 256 2 default-led 1 0 0 0.01
w 992 368 960 368 0
w 1008 288 960 288 0
S 1024 368 1024 288 0 1 false 0 2
w 992 368 1024 368 0
g 1040 288 1072 288 0 0
174 864 272 928 272 1 100000 0.401 Resistance
r 624 176 624 128 0 100
z 592 320 592 288 2 default-zener
w 624 272 656 272 0
w 656 272 688 272 0
w 1008 288 1008 160 0
w 672 688 704 688 0
w 640 688 672 688 0
174 880 656 944 656 1 100000 0.9950000000000001 Resistance
S 1024 752 1024 672 0 0 false 0 2
162 912 544 912 640 2 default-led 1 0 0 0.01
w 336 656 304 656 0
w 336 640 272 640 0
g 944 656 944 688 0 0
g 272 720 272 752 0 0
w 400 752 848 752 0
d 400 752 400 672 2 default
w 848 752 848 704 0
w 848 544 912 544 0
w 768 544 848 544 0
r 848 704 848 544 0 100000
w 752 704 768 704 0
w 720 544 768 544 0
c 768 544 768 704 0 0.000009999999999999999 0.022355086299989824 0.001
r 768 704 848 704 0 300000
w 704 720 672 720 0
w 640 672 640 688 0
g 672 720 672 736 0 0
f 752 704 704 704 32 1 0.02
w 448 544 480 544 0
w 400 544 448 544 0
w 336 544 400 544 0
S 400 672 336 672 0 0 false 0 2
w 640 592 640 672 0
c 400 672 480 672 0 0.000001 0.020407053974905054 0.001
r 400 544 400 672 0 10000
r 480 544 480 672 0 100000
c 576 544 576 672 0 1.0000000000000001e-7 0.02212140679386465 0.001
w 720 608 720 544 0
w 688 608 720 608 0
w 688 544 688 576 0
w 336 576 336 544 0
f 640 592 688 592 33 1 0.02
w 912 544 1024 544 0
v 336 640 336 576 0 0 40 5 0 0 0.5
w 848 752 1024 752 0
w 480 544 576 544 0
w 576 544 640 544 0
w 640 544 688 544 0
r 304 656 304 720 0 10
w 272 640 272 720 0
w 272 720 304 720 0
R 1040 624 1040 592 0 0 40 3 0 0 0.5
r 1040 624 1040 672 0 50000
368 912 544 912 496 0 0
w 480 672 576 672 0
w 576 672 640 672 0
w 624 544 624 592 0
w 1088 544 1088 752 0
w 1088 752 1024 752 0
g 1008 672 1008 640 0 0
368 672 688 672 640 0 0
368 896 160 896 80 0 0
